00000000 00000000 00000000 00000000 00000000 00000000 
00000000 00000000 00000000 00000000 00000000 00000000 
00000000 00000000 00000000 00000000 00000000 00000000 
11111111 00000000 00000000 00000000 00000000 00000000 
11111111 10000000 00000000 00000000 00000000 00000000 
11111111 11100000 00000000 00000000 00001100 00000000 
01111111 11111000 00000000 00000000 00001111 10000000 
01111111 11111100 00000000 00000000 00001111 11110000 
01111111 11111111 00000000 00000000 00001111 11111000 
00100000 00111111 10000000 00000000 00001111 11000000 
00000000 00000111 11000000 00000000 00001111 10000000 
00000000 00000001 11110000 00000000 00001111 10000000 
00000000 00000000 01111000 00000000 00001111 10000000 
00000000 00000000 00111100 00000000 00001111 10000000 
00000000 00000000 00001111 00000000 00001111 10000000 
00000000 00000000 00000111 10000000 00001111 10000000 
00000000 00000000 00000001 11000000 00001111 10000000 
00000000 00000000 00000000 11100000 00001111 10000000 
00000000 00000000 00000000 01111000 00001111 10000000 
00000000 00000000 00000000 00011100 00001111 10000000 
00000000 00000000 00000000 00001110 00001111 10000000 
00000000 00000000 00000000 00000111 00001111 10000000 
00000000 00000000 00000000 00000001 11001111 10000000 
00000000 00000000 00000000 00000000 11101111 10000000 
00000000 00000000 00000000 00000000 01111111 10000000 
00000000 00000000 00000000 00000000 00011111 10000000 
00000000 00000000 00000000 00000000 00001111 10000000 
00000000 00000000 00000000 00000000 00000111 10000000 
00000000 00000000 00000000 00000000 00000001 10000000 
00000000 00000000 00000000 00000000 00000000 10000000 
00000000 00000000 00000000 00000000 00000000 00000000 
00000000 00000000 00000000 00000000 00000000 00000000 
                                                      
