00000000 00000000 00000000 00000000 00000000 00000000 
00000000 00000000 00000000 00000000 00000000 00000000 
00000000 00000000 00000000 00000000 00000000 00000000 
10000000 00000000 00000000 00000000 00000000 00000000 
10000000 00000000 00000000 00000000 00000000 00000000 
11000000 00000000 00000000 00000000 00000000 00000000 
11000000 00000000 00000000 00000000 00000000 00000000 
11000000 00000000 00000000 00000000 00000000 00000000 
11000000 00000000 00000000 00000000 00000000 00000000 
11100000 00000000 00000000 00000000 00000000 00000000 
11100000 00000000 00000000 00000000 00000000 00000000 
11100000 00000000 00000000 00000000 01000000 00000000 
11100000 00000000 00000000 00000000 01100000 00000000 
11111000 00000000 00000000 00000000 01100000 00000000 
11111111 10000000 00000000 00000000 01100000 00000000 
11111111 11111000 00000000 00000000 00110000 00000000 
11111111 11111111 10000000 00000000 00110000 00000000 
11111111 11111111 11111100 00000000 00111000 00000000 
11111111 11111111 11111111 11000000 00011000 00000000 
11110000 11111111 11111111 11111100 00011100 00000000 
11100000 00001111 11111111 11111111 11101100 00000000 
11100000 00000000 01111111 11111111 11111110 00000000 
11100000 00000000 00000111 11111111 11111110 00000000 
11000000 00000000 00000000 00111111 11111111 00000000 
11000000 00000000 00000000 00000011 11111111 00000000 
11000000 00000000 00000000 00000000 00111111 10000000 
11000000 00000000 00000000 00000000 00000011 10000000 
01000000 00000000 00000000 00000000 00000000 00000000 
00000000 00000000 00000000 00000000 00000000 00000000 
00000000 00000000 00000000 00000000 00000000 00000000 
00000000 00000000 00000000 00000000 00000000 00000000 
00000000 00000000 00000000 00000000 00000000 00000000 
                                                      
